Y1 <- c(5,4.7,5.2,4.8,4.5,5.2,4.7,5.5,4.5,4.2,4.2,5.9,4.2,5.8,4.7,4.7,5,5.5,4.9,5.6,5.7,4.8,4.7,5.4,4.1,4.6,3.9,4.7,4.5,3.5,4.5,3.7,4.4,4,4.2,4.1,4.9,4.6,4.4,3.7)
X1 <- c(90.90,96.97,89.81,84.80,94.82,93.21,97.00,84.99,43.00,70.40,90.22,89.60,71.97,81.34,85.50,69.79,88.30, 74.00, 94.54, 92.17, 78.26, 92.00, 91.33, 91.50, 96.51, 70.00, 35.50, 24.00, 97.86, 71.91, 84.12, 53.73, 77.84, 70.30, 25.00, 24.80, 84.11, 90.13, 77.67, 60.00)
X2 <- c(9.87,8.94,12.91,12.33,11.45,12.71,7.41,11.19,5.54,7.05,7.96,10.51,5.00,7.42,9.65,5.74,9.07, 5.83, 8.93, 10.78, 12.03, 12.88, 9.61, 10.63, 9.70, 9.52, 10.84, 2.36, 0.19, 0.36, 0.69, 0.57, 8.30, 8.66, 0.34, 0.02, 1.03, 4.21, 2.05, 0.39)
X3 <- c(19.49,1.64,3.69,2.58,2.64,1.31,.40,1.58,2.65,12.24,4.87,1.32,1.15,2.05,.64,.31, 0.277, 0.096, 0.536, 0.252, 0.219, 0.331, 0.831, 0.204, 1.531, 0.349, 0.376, 0.080, 0.687, 0.235, 0.110, 1.015, 0.455, 0224, 0.305, 0.250, 0.454, 0.353, 0.852, 0.192)
X4 <- c(3096.00,1696.00,1354.00,1514.00,2755.00,1686.00,1417.00,1974.00,2117.00,2174.00,1738.00,1731.00,2255.00,1709.00,1692.00,1998.00, 1974, 2288, 1609, 1659, 2399, 1863, 1430, 1752, 2063, 2209, 1827, 2496, 1513, 1352, 2288, 2024, 2185, 2170, 2096, 2232, 1746, 1921, 1832, 536)
X5 <- c(5.5,7.5,3.5,8.1,4.5,14.7,5.0,5.0,6.0,4.8,2.8,5.1,4.4,14.4,10.9,14.3,9.1, 2.8, 8.7, 7.5, 6.6, 6.6, 4.0, 4.1, 3.5, 33.6, 9.8, 3.7, 7.4, 9.3, 11.5, 4.4, 1.4, 2.2, 4.4, 5.2, 11.5, 5.0, 13.4, 14.2)
X6 <- c(79.11,82.96,81.88,83.18,81.77,83.99,82.94,72.99,70.42,77.47,85.03,83.94,75.41,76.57,77.17,77.87,80.74, 79.18, 83.33, 82.48, 82.65, 82.81, 82.78, 82.80, 83.50, 64.88, 55.75, 67.81, 75.69, 72.54, 77.43, 72.32, 77.4, 75.7, 67.79, 73.57, 77.3, 84.01, 78.45, 71.08)
X7 <- c(37.70,40.20,33.40,41.60,39.60,43.90,39.30,38.80,27.60,37.90,48.40,37.00,29.00,32.80,24.40,30.80,34.90, 41.20, 39.50, 42.40, 45.00, 37.60, 41.70, 36.50, 43.40, 27.10, 17.00, 18.50, 29.80, 23.90, 28.70, 29.40, 39.30, 32.00, 20.20, 26.30, 31.90, 29.00,  30.90, 31.90)
X8 <- c(75.9, 69.8, 65.0, 61.9, 67.2, 60.9, 60.2, 49.1, 42.8, 47.5, 60.5, 71.5, 57.0, 51.2, 54.4, 53.2, 56.2, 30.5, 64.9, 70.9, 54.7, 55.3, 64.7, 62.5, 65.4, 45.8, 38.0, 37.8, 44.9, 28.0, 33.6, 50.4, 68.2, 42.9, 30.4, 35.5, 36.5, 47.2, 50.0, 24.0)
X9 <- c(88, 80, 73, 69, 69, 96, 84, 86, 31, 64, 65, 114, 45, 55, 99, 54, 92, 54, 85, 95, 70, 75, 92, 80, 102, 24, 12, 10, 71, 39, 43, 36, 44, 35, 12, 25, 58, 61, 117, 16)
X10 <- c(10, -3.71, 9.49, 11.57, 9.38, 14.25, 2.06, -3.64, 24.99, 8.19, 12.36, 22.06, 21.86, 25.58, 15.4, 24.97, 9.88, 26.05, 3.02, 2.3, 16.09, 9.95, 10.39, 11.23, 13.04, 18.06, 27.67, 23.35, 26.8, 23.88, 18.48, 25.99, 26.91, 25.03, 21.68, 25.68, 19.54, 20.87, 12.63, 24.22)
model <- lm(Y1~X1+X2+X3+X4+X5+X6+X7+X8+X9+X10)
stepmodel <- step(model)
summary(model)
summary(stepmodel)
fullmodellogtran1 <-lm(log(Y1)~X1+X2+X3+X4+X5+X6+X7+X8+X9+X10)
summary(fullmodellogtran1)
fullmodellogtran1 <-lm(log(Y1)~X1+X2+X3+X4+X5+X6+X7+X8+X9+X10)
summary(fullmodellogtran1)
plot(fitted(fullmodellogtran1), reslog)
abline(0,0)
reslog <- resid(fullmodellogtran1)
summary(fullmodellogtran1)
plot(fitted(fullmodellogtran1), reslog)
abline(0,0)
summary(fullmodellogtran1)
qqnorm(reslog)
qqline(reslog)
reslog <- resid(fullmodellogtran1)
summary(fullmodellogtran1)
plot(fitted(fullmodellogtran1), reslog)
abline(0,0)
qqnorm(reslog)
qqline(reslog)
plot(fitted(fullmodellogtran), reslog)
summary(fullmodellogtran1)
plot(fitted(fullmodellogtran1), reslog)
abline(0,0)
reslog <- resid(fullmodellogtran)
plot(fitted(fullmodellogtran), reslog)
abline(0,0)
fullmodelsqttran1 <-lm(sqrt(Y1)~X1+X2+X3+X4+X5+X6+X7+X8+X9+X10)
summary(fullmodelsqttran1)
ressqrt <- resid(fullmodellogtran1)
plot(fitted(fullmodellogtran1), ressqrt)
abline(0,0)
qqnorm(ressqrt)
qqline(ressqrt)
qqnorm(ressqrt1)
qqline(ressqrt1)
ressqrt1 <- resid(fullmodellogtran1)
plot(fitted(fullmodellogtran1), ressqrt1)
abline(0,0)
qqnorm(ressqrt1)
qqline(ressqrt1)
ressqrt1 <- resid(fullmodellogtran1)
plot(fitted(fullmodellogtran1), ressqrt1)
abline(0,0)
fullmodelsqttran1 <-lm(sqrt(Y1)~X1+X2+X3+X4+X5+X6+X7+X8+X9+X10)
summary(fullmodelsqttran1)
summary(fullmodelsqttran1)
ressqrt1 <- resid(fullmodellogtran1)
fullmodellogtran1 <-lm(log(Y1)~X1+X2+X3+X4+X5+X6+X7+X8+X9+X10)
summary(fullmodellogtran1)
fullmodelsqttran1 <-lm(sqrt(Y1)~X1+X2+X3+X4+X5+X6+X7+X8+X9+X10)
summary(fullmodelsqttran1)
model <- lm(Y1~X1+X2+X3+X4+X5+X6+X7+X8+X9+X10)
stepmodel <- step(model)
summary(model)
summary(stepmodel)
ressqrt <- resid(fullmodelsqttran)
plot(fitted(fullmodelsqttran), ressqrt)
abline(0,0)
ressqrt1 <- resid(fullmodellogtran1)
plot(fitted(fullmodellogtran1), ressqrt1)
abline(0,0)
ressqrt1 <- resid(fullmodelsqttran1)
plot(fitted(fullmodelsqttran1), ressqrt1)
abline(0,0)
qqnorm(ressqrt1)
qqline(ressqrt1)
fullmodelsqttran1 <-lm(sqrt(Y1)~X1+X2+X3+X4+X5+X6+X7+X8+X9+X10)
summary(fullmodelsqttran1)
step(fullmodelsqttran1)
step(fullmodellogtran1)
ressqrt1 <- resid(fullmodelsqttran1)
plot(fitted(fullmodelsqttran1), ressqrt1)
abline(0,0)
qqnorm(ressqrt1)
qqline(ressqrt1)
reslog1 <- resid(fullmodellogtran1)
plot(fitted(fullmodellogtran1), reslog1)
abline(0,0)
qqnorm(reslog1)
qqline(reslog1)
inverse <-lm((1/Y1)~X1+X2+X3+X4+X5+X6+X7+X8+X9+X10)
summary(inverse)
inverse <-lm((1/Y1)~X1+X2+X3+X4+X5+X6+X7+X8+X9+X10)
summary(inverse)
step(inverse)
inversesqrt <-lm((1/sqrt(Y1))~X1+X2+X3+X4+X5+X6+X7+X8+X9+X10)
summary(inversesqrt)
inverse <-lm((1/Y1)~X1+X2+X3+X4+X5+X6+X7+X8+X9+X10)
summary(inverse)
inversesqrt <-lm((1/sqrt(Y1))~X1+X2+X3+X4+X5+X6+X7+X8+X9+X10)
summary(inversesqrt)
stepinverse <- step(inverse)
summary(stepinverse)
stepinversesqrt <- step(inverse)
summary(stepinversesqrt)
stepinversesqrt <- step(inverse)
stepinversesqrt <- step(inverse)
summary(stepinversesqrt)
stepinverse <- step(inverse)
inversesqrt <-lm((1/sqrt(Y1))~X1+X2+X3+X4+X5+X6+X7+X8+X9+X10)
summary(inversesqrt)
inversesqrt <-lm((1/sqrt(Y1))~X1+X2+X3+X4+X5+X6+X7+X8+X9+X10)
summary(inversesqrt)
step(inverse)
stepinverse <- step(inverse)
summary(stepinverse)
resinverse <- resid(inverse)
plot(fitted(inverse), resinverse)
abline(0,0)
qqnorm(resinverse)
qqline(resinverse)
model_summ <-summary(model)
mean(model_summ$residuals^2)
stepmodel_summ <-summary(stepmodel)
mean(stepmodel_summ$residuals^2)
sqrtmodel_summ <-summary(fullmodelsqttran1)
mean(sqrtmodel_summ$residuals^2)
stepsqrtmodel_summ <-summary(stepsqrt1)
mean(stepsqrtmodel_summ$residuals^2)
sqrtmodel_summ <-summary(inverse)
mean(sqrtmodel_summ$residuals^2)
stepsqrtmodel_summ <-summary(stepinverse)
mean(stepsqrtmodel_summ$residuals^2)
fullmodelsqttran1 <-lm(sqrt(Y1)~X1+X2+X3+X4+X5+X6+X7+X8+X9+X10)
summary(fullmodelsqttran1)
fullmodelsqttran1 <-lm(sqrt(Y1)~X1+X2+X3+X4+X5+X6+X7+X8+X9+X10)
summary(fullmodelsqttran1)
step(fullmodelsqttran1)
model_summ <-summary(model)
mean(model_summ$residuals^2)
stepmodel_summ <-summary(stepmodel)
mean(stepmodel_summ$residuals^2)
sqrtmodel_summ <-summary(inverse)
mean(sqrtmodel_summ$residuals^2)
stepsqrtmodel_summ <-summary(stepinverse)
mean(stepsqrtmodel_summ$residuals^2)